
Vehicle: Subway Top
Hour Distance Traveled
1	55.0
2	110.0
3	165.0
4	220.0
5	275.0
6	330.0
7	385.0
8	440.0
9	495.0
10	550.0
11	605.0
12	660.0

Vehicle: Subway Avg
Hour Distance Traveled
1	17.0
2	34.0
3	51.0
4	68.0
5	85.0
6	102.0
7	119.0
8	136.0
9	153.0
10	170.0
11	187.0
12	204.0

Vehicle: Bullet Train
Hour Distance Traveled
1	270.0
2	540.0
3	810.0
4	1080.0
5	1350.0
6	1620.0
7	1890.0
8	2160.0
9	2430.0
10	2700.0
11	2970.0
12	3240.0
13	3510.0
14	3780.0
15	4050.0
16	4320.0
17	4590.0
18	4860.0
19	5130.0
20	5400.0
21	5670.0
22	5940.0
23	6210.0
24	6480.0

Vehicle: Boeing 747
Hour Distance Traveled
1	656.0
2	1312.0
3	1968.0
4	2624.0
5	3280.0
6	3936.0
7	4592.0
8	5248.0
9	5904.0
10	6560.0
11	7216.0
12	7872.0
13	8528.0
14	9184.0
15	9840.0
16	10496.0
17	11152.0
18	11808.0

Vehicle: F-16
Hour Distance Traveled
1	1319.0
2	2638.0
3	3957.0
4	5276.0
5	6595.0
6	7914.0

Vehicle: Bike
Hour Distance Traveled
1	20.0
2	40.0
3	60.0
4	80.0
5	100.0

Vehicle: Rollerblades
Hour Distance Traveled
1	15.0
2	30.0
3	45.0
4	60.0

Vehicle: Voyager-1
Hour Distance Traveled
1	38210.0
2	76420.0
3	114630.0
4	152840.0
5	191050.0
6	229260.0
7	267470.0
8	305680.0
9	343890.0
10	382100.0
11	420310.0
12	458520.0
13	496730.0
14	534940.0
15	573150.0
16	611360.0
17	649570.0
18	687780.0
19	725990.0
20	764200.0
21	802410.0
22	840620.0
23	878830.0
24	917040.0

Vehicle: Space Shuttle
Hour Distance Traveled
1	17500.0
2	35000.0
3	52500.0
4	70000.0
5	87500.0
6	105000.0
7	122500.0
8	140000.0
9	157500.0
10	175000.0
11	192500.0
12	210000.0
13	227500.0
14	245000.0
15	262500.0
16	280000.0
17	297500.0
18	315000.0
19	332500.0
20	350000.0
21	367500.0
22	385000.0
23	402500.0
24	420000.0

Vehicle: Parker Solar Probe
Hour Distance Traveled
1	330000.0
2	660000.0
3	990000.0
4	1320000.0
5	1650000.0
6	1980000.0
7	2310000.0
8	2640000.0
9	2970000.0
10	3300000.0
11	3630000.0
12	3960000.0
13	4290000.0
14	4620000.0
15	4950000.0
16	5280000.0
17	5610000.0
18	5940000.0
19	6270000.0
20	6600000.0
21	6930000.0
22	7260000.0
23	7590000.0
24	7920000.0
